149601440415518829
3921680
4699032
5754607
331912682396333722
5682387
3904173
3677125
1010279539934947175
353849682250046888
353849682250046888
353849682250046888
353849682250046888
353849682250046888
5763740
76233447267196428
5681904
673282193996368810
6069959
5317891
777662133867026667
777662133867026667
4649921
4736340
2831023
5284301
6348966
3224839
5887036
5688926
5688926
14833021345636908
6315420
413953654036813096
352242332555591229
5588168
6150429
948396608028127886
686399117949745891
5784333
5302816
705310077529165522
3573660
5336498
3161004
3161004
6116428
5764314
5764314
5764314
460351462386643756
3914520
4049238
31052976464976234
6228753
6228753
6228753
1150664275998820488
197084633755996656
4095855
663702734410734229
109134574599929555
1019487703409053098
743875541309090552
5449327
4625778
6023180
6008751
924830521524035973
3734849
3812989
6036266
6036266
3163091
3427766
3728054
3559666
3744399
6035127
3955927
6259932
5768408
4701080
262006034043894117
531853516986065510
916906624590770617
3579213
3579213
4648128
4648128
692866955899009567
692866955899009567
330103195241022571
765070212626925770
6176648
5420575
1126030548928569714
484556799731645215
988820668444439825
310177716109607456
58327642336711160
829964959416550835
4661756
2885037
1018487349363574103
5328506
5341156
2614376
382113398295987092
329250555234813602
1112031282802400807
1112031282802400807
1112031282802400807
823763557513263014
5422228
699068042063508034
5774284
4045320
6504481
4644719
4634171
4671070
235596692448375361
4680227
3475466
4527867
858868333792218856
839084613727573364
3716317
4672291
35202771483998384
301804249297460775
1169639
1169639
1169639
430743922685490776
